64
0 684 402 0 940 0 197 681 0 0 0 0 148 0 0 0 311 797 0 286 0 996 0 751 20 384 0 489 576 748 0 0 986 640 0 0 397 487 592 0 366 0 0 780 25 0 0 369 0 0 0 0 0 0 0 934 912 743 164 0 674 0 714 0 
684 0 889 0 764 0 0 0 0 857 777 0 725 0 0 0 0 73 0 482 200 66 0 0 743 512 0 0 787 806 964 810 750 0 0 351 0 548 892 0 868 140 0 555 0 0 0 382 535 39 0 143 593 0 922 0 181 0 0 217 0 0 0 0 
402 889 0 852 116 431 0 725 167 583 468 0 241 0 0 0 352 0 0 932 0 971 0 0 752 647 538 517 23 0 708 0 883 0 0 0 0 0 73 0 528 298 0 0 651 0 0 610 209 457 0 657 173 0 0 0 104 974 197 37 436 0 0 0 
0 0 852 0 915 0 0 534 0 876 486 0 136 737 641 0 0 181 618 0 0 0 0 129 0 0 0 0 746 0 672 751 0 176 0 973 208 778 38 48 966 669 293 0 0 0 0 243 485 0 423 624 493 536 0 345 0 486 0 0 974 821 374 521 
940 764 116 915 0 0 307 21 0 0 0 0 0 334 324 0 481 0 130 635 0 0 303 0 986 380 0 352 0 0 465 847 0 614 0 88 0 93 0 769 47 870 0 0 923 0 159 509 309 0 0 321 0 0 354 582 579 945 0 0 0 0 0 0 
0 0 431 0 0 0 0 0 729 0 492 0 66 0 0 986 0 555 0 333 617 413 659 408 0 0 180 100 586 832 158 282 0 0 0 483 0 0 0 0 0 777 3 0 743 705 146 0 7 0 0 986 0 0 193 0 914 453 165 0 883 774 821 0 
197 0 0 0 307 0 0 685 0 0 0 0 0 0 706 0 602 89 0 24 174 0 0 669 0 522 0 853 0 694 0 0 798 68 548 939 0 511 441 0 0 650 0 0 0 400 998 761 0 484 300 930 853 0 621 710 0 0 0 0 669 182 382 0 
681 0 725 534 21 0 685 0 0 0 325 0 0 927 50 491 145 490 218 0 0 0 0 157 974 868 617 0 0 865 680 0 0 0 0 669 0 0 937 0 0 739 0 0 0 0 323 565 0 538 116 0 0 48 0 698 574 0 120 236 0 593 549 469 
0 0 167 0 0 729 0 0 0 0 681 0 602 0 0 929 340 0 512 858 0 109 0 0 0 783 0 372 744 80 0 0 538 0 169 0 0 0 0 0 390 0 0 0 0 862 0 0 0 0 0 774 0 0 737 0 183 343 594 0 0 0 790 657 
0 857 583 876 0 0 0 0 0 0 353 0 0 113 0 910 0 0 77 0 0 0 225 0 1 0 0 0 0 0 847 0 0 701 141 693 149 941 656 570 0 789 419 0 120 654 0 0 382 0 386 375 151 475 0 0 0 0 8 0 0 0 0 0 
0 777 468 486 0 492 0 325 681 353 0 386 0 997 0 0 0 0 0 720 35 948 0 0 515 405 0 938 927 0 496 0 0 0 610 762 0 0 0 0 814 628 795 100 0 315 0 0 575 0 0 660 347 411 0 262 630 0 495 806 0 261 0 792 
0 0 0 0 0 0 0 0 0 0 386 0 268 0 785 640 0 0 0 190 500 61 427 977 0 934 627 0 822 608 0 58 0 980 503 886 894 169 0 0 224 0 72 800 119 0 0 864 54 0 0 636 0 0 451 0 0 0 0 920 0 659 945 659 
148 725 241 136 0 66 0 0 602 0 0 268 0 285 0 0 0 0 460 339 529 813 955 793 612 0 0 0 81 416 0 0 255 23 801 355 0 0 613 0 0 0 914 272 852 37 0 0 0 20 550 726 94 0 0 923 0 714 723 0 0 202 0 0 
0 0 0 737 334 0 0 927 0 113 997 0 285 0 791 134 0 0 0 213 0 613 0 0 903 305 0 0 392 0 0 146 0 0 657 0 683 0 0 0 849 748 0 246 0 281 0 0 380 0 0 0 0 0 0 950 138 612 0 703 199 237 195 0 
0 0 0 641 324 0 706 50 0 0 0 785 0 791 0 106 0 0 460 792 0 407 232 224 0 0 506 947 0 766 534 325 0 0 0 0 416 299 994 454 0 419 0 0 0 0 0 0 0 186 669 409 906 0 723 719 0 0 792 716 8 783 0 0 
0 0 0 0 0 986 0 491 929 910 0 640 0 134 106 0 407 714 63 571 0 0 0 0 776 0 0 0 0 101 0 0 904 0 0 0 0 0 0 0 0 284 811 287 303 0 570 0 0 0 0 353 591 0 0 0 0 0 343 463 0 12 0 786 
311 0 352 0 481 0 602 145 340 0 0 0 0 0 0 407 0 0 0 0 0 0 0 401 0 352 0 925 365 0 0 0 0 0 627 0 591 356 893 769 350 644 830 0 38 0 0 0 0 455 397 449 0 0 562 70 675 0 513 242 0 634 0 0 
797 73 0 181 0 555 89 490 0 0 0 0 0 0 0 714 0 0 796 0 0 664 0 488 0 412 299 0 0 39 245 0 362 559 782 0 0 498 0 0 874 0 0 152 0 0 0 0 0 0 0 0 0 0 101 0 0 0 482 123 0 0 634 0 
0 0 0 618 130 0 0 218 512 77 0 0 460 0 460 63 0 796 0 481 986 0 481 45 109 0 0 964 55 556 911 0 812 603 0 104 0 0 0 0 0 0 0 870 921 0 0 0 0 0 696 127 0 439 187 0 804 0 0 0 0 0 0 0 
286 482 932 0 635 333 24 0 858 0 720 190 339 213 792 571 0 0 481 0 0 422 275 0 525 537 98 745 221 0 944 0 222 0 0 0 0 945 0 0 701 0 0 0 0 267 0 866 0 0 662 0 0 0 10 0 0 776 251 0 406 0 605 942 
0 200 0 0 0 617 174 0 0 0 35 500 529 0 0 0 0 0 986 0 0 0 522 859 417 0 0 976 0 883 0 320 0 0 0 0 750 0 0 0 570 287 847 0 567 782 640 661 0 270 638 0 981 439 0 0 821 0 0 0 0 0 0 0 
996 66 971 0 0 413 0 0 109 0 948 61 813 613 407 0 0 664 0 422 0 0 0 489 828 0 0 477 38 0 0 0 328 421 156 346 0 429 511 0 0 0 131 0 526 0 0 633 36 0 0 553 177 418 0 460 0 0 0 0 0 997 0 217 
0 0 0 0 303 659 0 0 0 225 0 427 955 0 232 0 0 0 481 275 522 0 0 0 0 0 0 0 536 0 551 796 127 150 0 0 0 0 379 979 0 330 0 0 43 0 0 0 415 0 133 0 0 850 0 0 567 541 0 0 332 0 705 0 
751 0 0 129 0 408 669 157 0 0 0 977 793 0 224 0 401 488 45 0 859 489 0 0 0 0 769 322 836 192 0 0 803 830 322 0 0 887 415 0 169 0 0 0 965 0 0 0 0 649 373 902 186 454 54 874 0 0 0 137 891 0 0 0 
20 743 752 0 986 0 0 974 0 1 515 0 612 903 0 776 0 0 109 525 417 828 0 0 0 0 0 713 0 433 883 0 0 0 0 993 0 0 0 966 0 218 0 0 421 873 0 567 0 0 0 132 0 0 843 893 76 442 435 0 858 0 826 0 
384 512 647 0 380 0 522 868 783 0 405 934 0 305 0 0 352 412 0 537 0 0 0 0 0 0 0 462 470 804 310 0 19 0 0 0 0 0 920 0 0 0 0 716 0 370 674 383 519 932 423 0 0 0 0 257 0 0 0 0 0 311 913 0 
0 0 538 0 0 180 0 617 0 0 0 627 0 0 506 0 0 299 0 98 0 0 0 769 0 0 0 383 868 944 663 0 617 0 31 210 335 933 0 658 66 534 0 140 285 0 0 0 847 527 927 0 0 0 0 94 0 0 0 0 0 0 390 0 
489 0 517 0 352 100 853 0 372 0 938 0 0 0 947 0 925 0 964 745 976 477 0 322 713 462 383 0 0 0 0 0 0 0 120 959 930 0 510 0 682 0 0 0 0 337 692 729 0 710 0 992 797 0 725 117 386 0 58 917 0 0 0 258 
576 787 23 746 0 586 0 0 744 0 927 822 81 392 0 0 365 0 55 221 0 38 536 836 0 470 868 0 0 0 528 0 0 421 52 0 0 434 0 807 0 677 799 888 435 0 486 894 0 764 651 718 627 0 463 0 653 0 0 161 762 117 427 0 
748 806 0 0 0 832 694 865 80 0 0 608 416 0 766 101 0 39 556 0 883 0 0 192 433 804 944 0 0 0 367 403 314 0 0 494 905 47 0 452 0 0 920 0 113 0 26 0 0 381 0 0 0 0 331 0 83 680 903 774 152 0 16 494 
0 964 708 672 465 158 0 680 0 847 496 0 0 0 534 0 0 245 911 944 0 0 551 0 883 310 663 0 528 367 0 973 0 0 43 367 0 267 0 0 178 0 0 0 0 0 159 222 0 0 0 440 356 0 379 91 660 624 0 83 0 131 544 495 
0 810 0 751 847 282 0 0 0 0 0 58 0 146 325 0 0 0 0 0 320 0 796 0 0 0 0 0 0 403 973 0 895 504 0 0 0 537 0 814 974 337 947 0 0 0 0 254 285 0 0 0 0 634 0 0 28 0 292 0 338 0 0 0 
986 750 883 0 0 0 798 0 538 0 0 0 255 0 0 904 0 362 812 222 0 328 127 803 0 19 617 0 0 314 0 895 0 0 0 0 0 263 0 0 0 741 917 471 0 0 225 0 268 857 834 308 412 427 0 587 677 763 332 0 212 0 211 0 
640 0 0 176 614 0 68 0 0 701 0 980 23 0 0 0 0 559 603 0 0 421 150 830 0 0 0 0 421 0 0 504 0 0 0 0 792 243 615 527 403 641 0 0 0 679 0 0 0 22 0 0 0 0 0 707 0 0 0 0 350 915 0 233 
0 0 0 0 0 0 548 0 169 141 610 503 801 657 0 0 627 782 0 0 0 156 0 322 0 0 31 120 52 0 43 0 0 0 0 0 443 527 0 934 744 734 0 0 0 904 0 29 431 0 0 963 980 313 166 855 0 870 923 0 353 535 385 185 
0 351 0 973 88 483 939 669 0 693 762 886 355 0 0 0 0 0 104 0 0 346 0 0 993 0 210 959 0 494 367 0 0 0 0 0 492 0 0 0 0 601 916 0 700 0 0 0 0 545 54 0 207 640 0 0 698 909 0 0 894 0 497 0 
397 0 0 208 0 0 0 0 0 149 0 894 0 683 416 0 591 0 0 0 750 0 0 0 0 0 335 930 0 905 0 0 0 792 443 492 0 0 984 0 215 174 259 255 0 371 604 472 944 845 0 0 595 0 690 0 662 0 974 0 20 904 600 0 
487 548 0 778 93 0 511 0 0 941 0 169 0 0 299 0 356 498 0 945 0 429 0 887 0 0 933 0 434 47 267 537 263 243 527 0 0 0 0 0 655 703 0 359 0 0 71 0 903 736 676 0 996 547 0 0 961 544 717 879 811 477 197 156 
592 892 73 38 0 0 441 937 0 656 0 0 613 0 994 0 893 0 0 0 0 511 379 415 0 920 0 510 0 0 0 0 0 615 0 0 984 0 0 11 0 0 0 0 960 0 0 830 0 533 122 177 0 0 0 482 661 807 683 838 0 0 466 703 
0 0 0 48 769 0 0 0 0 570 0 0 0 0 454 0 769 0 0 0 0 0 979 0 966 0 658 0 807 452 0 814 0 527 934 0 0 0 11 0 280 443 0 0 368 0 0 0 0 0 862 209 639 832 921 0 0 0 50 0 0 0 0 0 
366 868 528 966 47 0 0 0 390 0 814 224 0 849 0 0 350 874 0 701 570 0 0 169 0 0 66 682 0 0 178 974 0 403 744 0 215 655 0 280 0 33 327 584 0 258 0 0 0 0 0 402 0 0 0 0 476 0 929 592 686 964 520 0 
0 140 298 669 870 777 650 739 0 789 628 0 0 748 419 284 644 0 0 0 287 0 330 0 218 0 534 0 677 0 0 337 741 641 734 601 174 703 0 443 33 0 0 0 0 199 0 545 0 0 517 0 210 572 0 413 0 395 0 487 0 35 0 0 
0 0 0 293 0 3 0 0 0 419 795 72 914 0 0 811 830 0 0 0 847 131 0 0 0 0 0 0 799 920 0 947 917 0 0 916 259 0 0 0 327 0 0 0 0 317 506 0 0 0 0 0 260 889 0 35 0 0 0 0 270 0 461 0 
780 555 0 0 0 0 0 0 0 0 100 800 272 246 0 287 0 152 870 0 0 0 0 0 0 716 140 0 888 0 0 0 471 0 0 0 255 359 0 0 584 0 0 0 448 78 68 142 87 71 518 558 0 0 817 944 0 208 0 0 35 0 623 667 
25 0 651 0 923 743 0 0 0 120 0 119 852 0 0 303 38 0 921 0 567 526 43 965 421 0 285 0 435 113 0 0 0 0 0 700 0 0 960 368 0 0 0 448 0 449 0 0 0 314 0 289 0 0 497 0 0 0 343 0 520 639 484 195 
0 0 0 0 0 705 400 0 862 654 315 0 37 281 0 0 0 0 0 267 782 0 0 0 873 370 0 337 0 0 0 0 0 679 904 0 371 0 0 0 258 199 317 78 449 0 272 0 461 0 0 0 0 0 0 300 0 0 0 0 0 0 0 84 
0 0 0 0 159 146 998 323 0 0 0 0 0 0 0 570 0 0 0 0 640 0 0 0 0 674 0 692 486 26 159 0 225 0 0 0 604 71 0 0 0 0 506 68 0 272 0 0 712 0 991 76 0 0 0 0 0 0 665 718 751 0 415 0 
369 382 610 243 509 0 761 565 0 0 0 864 0 0 0 0 0 0 0 866 661 633 0 0 567 383 0 729 894 0 222 254 0 0 29 0 472 0 830 0 0 545 0 142 0 0 0 0 0 438 0 750 150 246 739 0 0 341 680 523 694 239 626 353 
0 535 209 485 309 7 0 0 0 382 575 54 0 380 0 0 0 0 0 0 0 36 415 0 0 519 847 0 0 0 0 285 268 0 431 0 944 903 0 0 0 0 0 87 0 461 712 0 0 241 326 262 960 0 288 724 0 0 466 0 0 0 0 189 
0 39 457 0 0 0 484 538 0 0 0 0 20 0 186 0 455 0 0 0 270 0 0 649 0 932 527 710 764 381 0 0 857 22 0 545 845 736 533 0 0 0 0 71 314 0 0 438 241 0 0 0 348 0 0 0 959 279 0 489 0 347 0 765 
0 0 0 423 0 0 300 116 0 386 0 0 550 0 669 0 397 0 696 662 638 0 133 373 0 423 927 0 651 0 0 0 834 0 0 54 0 676 122 862 0 517 0 518 0 0 991 0 326 0 0 0 183 928 0 0 0 0 649 0 0 0 0 0 
0 143 657 624 321 986 930 0 774 375 660 636 726 0 409 353 449 0 127 0 0 553 0 902 132 0 0 992 718 0 440 0 308 0 963 0 0 0 177 209 402 0 0 558 289 0 76 750 262 0 0 0 0 0 372 0 408 0 0 513 948 877 714 0 
0 593 173 493 0 0 853 0 0 151 347 0 94 0 906 591 0 0 0 0 981 177 0 186 0 0 0 797 627 0 356 0 412 0 980 207 595 996 0 639 0 210 260 0 0 0 0 150 960 348 183 0 0 0 495 275 582 0 0 112 220 0 689 445 
0 0 0 536 0 0 0 48 0 475 411 0 0 0 0 0 0 0 439 0 439 418 850 454 0 0 0 0 0 0 0 634 427 0 313 640 0 547 0 832 0 572 889 0 0 0 0 246 0 0 928 0 0 0 0 512 0 273 0 0 928 0 0 0 
0 922 0 0 354 193 621 0 737 0 0 451 0 0 723 0 562 101 187 10 0 0 0 54 843 0 0 725 463 331 379 0 0 0 166 0 690 0 0 921 0 0 0 817 497 0 0 739 288 0 0 372 495 0 0 12 0 624 0 458 0 834 0 0 
934 0 0 345 582 0 710 698 0 0 262 0 923 950 719 0 70 0 0 0 0 460 0 874 893 257 94 117 0 0 91 0 587 707 855 0 0 0 482 0 0 413 35 944 0 300 0 0 724 0 0 0 275 512 12 0 894 0 277 373 341 614 725 0 
912 181 104 0 579 914 0 574 183 0 630 0 0 138 0 0 675 0 804 0 821 0 567 0 76 0 0 386 653 83 660 28 677 0 0 698 662 961 661 0 476 0 0 0 0 0 0 0 0 959 0 408 582 0 0 894 0 0 951 759 0 921 400 755 
743 0 974 486 945 453 0 0 343 0 0 0 714 612 0 0 0 0 0 776 0 0 541 0 442 0 0 0 0 680 624 0 763 0 870 909 0 544 807 0 0 395 0 208 0 0 0 341 0 279 0 0 0 273 624 0 0 0 745 0 0 0 321 0 
164 0 197 0 0 165 0 120 594 8 495 0 723 0 792 343 513 482 0 251 0 0 0 0 435 0 0 58 0 903 0 292 332 0 923 0 974 717 683 50 929 0 0 0 343 0 665 680 466 0 649 0 0 0 0 277 951 745 0 0 0 0 767 0 
0 217 37 0 0 0 0 236 0 0 806 920 0 703 716 463 242 123 0 0 0 0 0 137 0 0 0 917 161 774 83 0 0 0 0 0 0 879 838 0 592 487 0 0 0 0 718 523 0 489 0 513 112 0 458 373 759 0 0 0 0 104 0 362 
674 0 436 974 0 883 669 0 0 0 0 0 0 199 8 0 0 0 0 406 0 0 332 891 858 0 0 0 762 152 0 338 212 350 353 894 20 811 0 0 686 0 270 35 520 0 751 694 0 0 0 948 220 928 0 341 0 0 0 0 0 359 510 701 
0 0 0 821 0 774 182 593 0 0 261 659 202 237 783 12 634 0 0 0 0 997 0 0 0 311 0 0 117 0 131 0 0 915 535 0 904 477 0 0 964 35 0 0 639 0 0 239 0 347 0 877 0 0 834 614 921 0 0 104 359 0 0 34 
714 0 0 374 0 821 382 549 790 0 0 945 0 195 0 0 0 634 0 605 0 0 705 0 826 913 390 0 427 16 544 0 211 0 385 497 600 197 466 0 520 0 461 623 484 0 415 626 0 0 0 714 689 0 0 725 400 321 767 0 510 0 0 960 
0 0 0 521 0 0 0 469 657 0 792 659 0 0 0 786 0 0 0 942 0 217 0 0 0 0 0 258 0 494 495 0 0 233 185 0 0 156 703 0 0 0 0 667 195 84 0 353 189 765 0 0 445 0 0 0 755 0 0 362 701 34 960 0 
