16
0 0 0 0 0 0 0 749 0 0 0 14 0 38 0 903 
0 0 0 0 902 721 0 638 395 0 0 0 94 78 238 873 
0 0 0 0 0 0 0 0 0 195 431 518 503 0 0 565 
0 0 0 0 0 0 512 0 712 627 237 0 0 820 0 0 
0 902 0 0 0 306 0 0 14 215 0 749 0 763 0 376 
0 721 0 0 306 0 704 150 585 292 0 316 0 0 275 0 
0 0 0 512 0 704 0 951 703 756 589 285 0 0 244 979 
749 638 0 0 0 150 951 0 377 0 0 0 0 0 169 0 
0 395 0 712 14 585 703 377 0 853 0 571 627 0 807 875 
0 0 195 627 215 292 756 0 853 0 0 705 0 0 490 0 
0 0 431 237 0 0 589 0 0 0 0 0 0 761 0 0 
14 0 518 0 749 316 285 0 571 705 0 0 0 0 846 0 
0 94 503 0 0 0 0 0 627 0 0 0 0 173 358 545 
38 78 0 820 763 0 0 0 0 0 761 0 173 0 242 313 
0 238 0 0 0 275 244 169 807 490 0 846 358 242 0 0 
903 873 565 0 376 0 979 0 875 0 0 0 545 313 0 0 
